       9.0900000       9.3500000       9.6100000       9.7700000       9.9600000
       10.200000       10.380000       10.560000       10.770000       11.040000
       11.400000       11.780000       12.130000       12.480000       12.710000
       12.840000       13.050000       13.240000       13.390000       13.660000
       13.980000       14.330000       14.720000       15.100000       15.520000
       15.880000       16.200000       16.600000       17.030000       17.340000
       17.680000       18.020000       18.170000       18.610000       19.100000
       19.390000       19.840000       20.180000       20.500000       21.050000
       21.620000       21.980000       22.300000       22.680000       23.000000
       23.400000       24.000000       24.650000       25.240000       25.680000
       26.000000       26.400000       26.850000       27.350000       27.850000
       28.400000       29.000000       29.600000       30.100000       30.800000
       31.800000       32.800000       33.800000       34.800000       35.700000
       36.600000       37.500000       38.500000       39.500000       40.500000
       41.400000       42.200000       43.000000       44.100000       45.100000
       46.000000       47.000000       48.000000       49.000000       50.000000
       50.600000       51.200000       52.000000       53.000000       54.000000
       55.000000       56.000000       57.000000       58.000000       59.000000
       60.000000       61.000000       62.000000       63.000000       64.000000
       65.000000       65.800000       66.500000       67.500000       68.500000
       69.500000       70.500000       71.600000       72.600000       73.500000
       74.500000       75.500000       76.500000       77.500000       78.500000
       79.500000       80.500000       81.500000       82.500000       83.500000
       84.500000       85.500000       86.500000       87.500000       88.500000
       89.500000       90.500000       91.500000       92.500000       93.500000
       94.500000       95.500000       96.500000       97.500000       98.500000
       99.500000       100.50000       101.50000       102.50000       103.50000
       104.50000       105.50000       106.50000       107.50000       108.50000
       109.50000       110.50000       111.50000       112.50000       113.50000
       114.50000       115.50000       116.50000       117.50000       118.50000
       119.50000       120.50000       121.50000       122.50000       123.50000
       124.50000       125.50000       126.50000       127.50000       128.50000
       129.50000       130.50000       131.50000       132.50000       133.50000
       134.50000       135.50000       136.50000       137.50000       138.50000
       139.50000       140.50000       141.50000       142.50000       143.50000
       144.20000       144.70000       145.50000       146.50000       147.50000
       148.50000       149.50000       150.50000       151.20000       151.70000
       152.50000       153.50000       154.50000       155.50000       156.50000
       157.50000       158.50000       159.50000       160.50000       161.50000
       162.50000       163.50000       164.50000       165.50000       166.50000
       167.20000       167.70000       168.50000       169.50000       170.50000
       171.50000       172.50000       173.50000       174.50000       175.50000
       176.50000       177.50000       178.50000       179.50000       180.50000
       181.50000       182.50000       183.50000       184.50000       185.50000
       186.50000       187.50000       188.50000       189.50000       190.50000
       191.50000       192.50000       193.50000       194.50000       195.50000
       196.70000       197.60000       198.40000       199.50000       200.50000
       201.50000       202.50000       203.50000       204.50000       205.50000
       206.50000       207.40000       207.80000       208.50000       209.50000
       210.50000       211.50000       212.50000       213.50000       214.50000
       215.50000       216.50000       217.50000       218.50000       219.50000
       220.50000       221.50000       222.50000       223.50000       224.50000
       225.50000       226.50000       227.50000       228.50000       229.50000
       230.50000       231.50000       232.50000       233.50000       234.50000
       235.50000       236.50000       237.50000       238.50000       239.50000
       240.50000       241.50000       242.50000       243.50000       244.50000
       245.50000       246.50000       247.50000       248.50000       249.50000
       250.50000       251.30000       251.80000       252.50000       253.50000
       254.50000       255.50000       256.50000       257.50000       258.50000
       259.50000       260.50000       261.50000       262.50000       263.50000
       264.50000       265.50000       266.50000       267.50000       268.50000
       269.50000       270.50000       271.50000       272.50000       273.50000
       274.50000       275.50000       276.50000       277.50000       278.50000
       279.50000       280.50000       281.50000       282.50000       283.50000
       284.50000       285.50000       286.50000       287.50000       288.50000
       289.50000       291.00000       293.00000       295.00000       297.00000
       299.00000       301.00000       303.00000       305.00000       307.00000
       309.00000       311.00000       313.00000       315.00000       317.00000
       319.00000       321.00000       323.00000       325.00000       327.00000
       329.00000       331.00000       333.00000       335.00000       337.00000
       339.00000       341.00000       343.00000       345.00000       347.00000
       349.00000       351.00000       353.00000       355.00000       357.00000
       359.00000       361.00000       363.00000       364.00000       365.00000
       367.00000       369.00000       371.00000       373.00000       375.00000
       377.00000       379.00000       381.00000       383.00000       385.00000
       387.00000       389.00000       391.00000       393.00000       395.00000
       397.00000       399.00000       401.00000       403.00000       405.00000
       407.00000       409.00000       411.00000       413.00000       415.00000
       417.00000       419.00000       421.00000       423.00000       425.00000
       427.00000       429.00000       431.00000       433.00000       435.00000
       437.00000       439.00000       441.00000       443.00000       445.00000
       447.00000       449.00000       451.00000       453.00000       455.00000
       457.00000       459.00000       461.00000       463.00000       465.00000
       467.00000       469.00000       471.00000       473.00000       475.00000
       477.00000       479.00000       481.00000       483.00000       485.00000
       487.00000       489.00000       491.00000       493.00000       495.00000
       497.00000       499.00000       501.00000       503.00000       505.00000
       507.00000       509.00000       511.00000       513.00000       515.00000
       517.00000       519.00000       521.00000       523.00000       525.00000
       527.00000       529.00000       531.00000       533.00000       535.00000
       537.00000       539.00000       541.00000       543.00000       545.00000
       547.00000       549.00000       551.00000       553.00000       555.00000
       557.00000       559.00000       561.00000       563.00000       565.00000
       567.00000       569.00000       571.00000       573.00000       575.00000
       577.00000       579.00000       581.00000       583.00000       585.00000
       587.00000       589.00000       591.00000       593.00000       595.00000
       597.00000       599.00000       601.00000       603.00000       605.00000
       607.00000       609.00000       611.00000       613.00000       615.00000
       617.00000       619.00000       621.00000       623.00000       625.00000
       627.00000       629.00000       631.00000       633.00000       635.00000
       637.00000       639.00000       641.00000       643.00000       645.00000
       647.00000       649.00000       651.00000       653.00000       655.00000
       657.00000       659.00000       661.00000       663.00000       665.00000
       667.00000       669.00000       671.00000       673.00000       675.00000
       677.00000       679.00000       681.00000       683.00000       685.00000
       687.00000       689.00000       691.00000       693.00000       695.00000
       697.00000       699.00000       701.00000       703.00000       705.00000
       707.00000       709.00000       711.00000       713.00000       715.00000
       717.00000       719.00000       721.00000       723.00000       725.00000
       727.00000       729.00000       731.00000       733.00000       735.00000
       737.00000       739.00000       741.00000       743.00000       745.00000
       747.00000       749.00000       751.00000       753.00000       755.00000
       757.00000       759.00000       761.00000       763.00000       765.00000
       767.00000       769.00000       771.00000       773.00000       775.00000
       777.00000       779.00000       781.00000       783.00000       785.00000
       787.00000       789.00000       791.00000       793.00000       795.00000
       797.00000       799.00000       801.00000       803.00000       805.00000
       807.00000       809.00000       811.00000       813.00000       815.00000
       817.00000       819.00000       821.00000       823.00000       825.00000
       827.00000       829.00000       831.00000       833.00000       835.00000
       837.00000       839.00000       841.00000       843.00000       845.00000
       847.00000       849.00000       851.00000       853.00000       855.00000
       857.00000       859.00000       861.00000       863.00000       865.00000
       867.00000       869.00000       871.00000       873.00000       875.00000
       877.00000       879.00000       881.00000       883.00000       885.00000
       887.00000       889.00000       891.00000       893.00000       895.00000
       897.00000       899.00000       901.00000       903.00000       905.00000
       907.00000       909.00000       911.00000       913.00000       915.00000
       917.00000       919.00000       921.00000       923.00000       925.00000
       927.00000       929.00000       931.00000       933.00000       935.00000
       937.00000       939.00000       941.00000       943.00000       945.00000
       947.00000       949.00000       951.00000       953.00000       955.00000
       957.00000       959.00000       961.00000       963.00000       965.00000
       967.00000       969.00000       971.00000       973.00000       975.00000
       977.00000       979.00000       981.00000       983.00000       985.00000
       987.00000       989.00000       991.00000       993.00000       995.00000
       997.00000       999.00000       1002.5000       1007.5000       1012.5000
       1017.5000       1022.5000       1027.5000       1032.5000       1037.5000
       1042.5000       1047.5000       1052.5000       1057.5000       1062.5000
       1067.5000       1072.5000       1077.5000       1082.5000       1087.5000
       1092.5000       1097.5000       1102.5000       1107.5000       1112.5000
       1117.5000       1122.5000       1127.5000       1132.5000       1137.5000
       1142.5000       1147.5000       1152.5000       1157.5000       1162.5000
       1167.5000       1172.5000       1177.5000       1182.5000       1187.5000
       1192.5000       1197.5000       1202.5000       1207.5000       1212.5000
       1217.5000       1222.5000       1227.5000       1232.5000       1237.5000
       1242.5000       1247.5000       1252.5000       1257.5000       1262.5000
       1267.5000       1272.5000       1277.5000       1282.5000       1287.5000
       1292.5000       1297.5000       1302.5000       1307.5000       1312.5000
       1317.5000       1322.5000       1327.5000       1332.5000       1337.5000
       1342.5000       1347.5000       1352.5000       1357.5000       1362.5000
       1367.5000       1372.5000       1377.5000       1382.5000       1387.5000
       1392.5000       1397.5000       1402.5000       1407.5000       1412.5000
       1417.5000       1422.5000       1427.5000       1432.5000       1437.5000
       1442.5000       1447.5000       1452.5000       1457.0000       1462.0000
       1467.5000       1472.5000       1477.5000       1482.5000       1487.5000
       1492.5000       1497.5000       1502.5000       1507.5000       1512.5000
       1517.5000       1522.5000       1527.5000       1532.5000       1537.5000
       1542.5000       1547.5000       1552.5000       1557.5000       1562.5000
       1567.5000       1572.5000       1577.5000       1582.5000       1587.5000
       1592.5000       1597.5000       1605.0000       1615.0000       1625.0000
       1635.0000       1645.0000       1655.0000       1665.0000       1675.0000
       1685.0000       1695.0000       1705.0000       1715.0000       1725.0000
       1735.0000       1745.0000       1755.0000       1765.0000       1775.0000
       1785.0000       1795.0000       1805.0000       1815.0000       1825.0000
       1835.0000       1845.0000       1855.0000       1865.0000       1875.0000
       1885.0000       1895.0000       1905.0000       1915.0000       1925.0000
       1935.0000       1945.0000       1955.0000       1965.0000       1975.0000
       1985.0000       1995.0000       2005.0000       2015.0000       2025.0000
       2035.0000       2045.0000       2055.0000       2065.0000       2075.0000
       2085.0000       2095.0000       2105.0000       2115.0000       2125.0000
       2135.0000       2145.0000       2155.0000       2165.0000       2175.0000
       2185.0000       2195.0000       2205.0000       2215.0000       2225.0000
       2235.0000       2245.0000       2255.0000       2265.0000       2275.0000
       2285.0000       2295.0000       2305.0000       2315.0000       2325.0000
       2335.0000       2345.0000       2355.0000       2365.0000       2375.0000
       2385.0000       2395.0000       2405.0000       2415.0000       2425.0000
       2435.0000       2445.0000       2455.0000       2465.0000       2475.0000
       2485.0000       2495.0000       2505.0000       2515.0000       2525.0000
       2535.0000       2545.0000       2555.0000       2565.0000       2575.0000
       2585.0000       2595.0000       2605.0000       2615.0000       2625.0000
       2635.0000       2645.0000       2655.0000       2665.0000       2675.0000
       2685.0000       2695.0000       2705.0000       2715.0000       2725.0000
       2735.0000       2745.0000       2755.0000       2765.0000       2775.0000
       2785.0000       2795.0000       2805.0000       2815.0000       2825.0000
       2835.0000       2845.0000       2855.0000       2865.0000       2875.0000
       2885.0000       2895.0000       2905.0000       2915.0000       2925.0000
       2935.0000       2945.0000       2955.0000       2965.0000       2975.0000
       2985.0000       2995.0000       3005.0000       3015.0000       3025.0000
       3035.0000       3045.0000       3055.0000       3065.0000       3075.0000
       3085.0000       3095.0000       3105.0000       3115.0000       3125.0000
       3135.0000       3145.0000       3155.0000       3165.0000       3175.0000
       3185.0000       3195.0000       3210.0000       3230.0000       3250.0000
       3270.0000       3290.0000       3310.0000       3330.0000       3350.0000
       3370.0000       3390.0000       3410.0000       3430.0000       3450.0000
       3470.0000       3490.0000       3510.0000       3530.0000       3550.0000
       3570.0000       3590.0000       3610.0000       3630.0000       3650.0000
       3670.0000       3690.0000       3710.0000       3730.0000       3750.0000
       3770.0000       3790.0000       3810.0000       3830.0000       3850.0000
       3870.0000       3890.0000       3910.0000       3930.0000       3950.0000
       3970.0000       3990.0000       4010.0000       4030.0000       4050.0000
       4070.0000       4090.0000       4110.0000       4130.0000       4150.0000
       4170.0000       4190.0000       4210.0000       4230.0000       4250.0000
       4270.0000       4290.0000       4310.0000       4330.0000       4350.0000
       4370.0000       4390.0000       4410.0000       4430.0000       4450.0000
       4470.0000       4490.0000       4510.0000       4530.0000       4550.0000
       4570.0000       4590.0000       4610.0000       4630.0000       4650.0000
       4670.0000       4690.0000       4710.0000       4730.0000       4750.0000
       4770.0000       4790.0000       4810.0000       4830.0000       4850.0000
       4870.0000       4890.0000       4910.0000       4930.0000       4950.0000
       4970.0000       4990.0000       5010.0000       5030.0000       5050.0000
       5070.0000       5090.0000       5110.0000       5130.0000       5150.0000
       5170.0000       5190.0000       5210.0000       5230.0000       5250.0000
       5270.0000       5290.0000       5310.0000       5330.0000       5350.0000
       5370.0000       5390.0000       5410.0000       5430.0000       5450.0000
       5470.0000       5490.0000       5510.0000       5530.0000       5550.0000
       5570.0000       5590.0000       5610.0000       5630.0000       5650.0000
       5670.0000       5690.0000       5710.0000       5730.0000       5750.0000
       5770.0000       5790.0000       5810.0000       5830.0000       5850.0000
       5870.0000       5890.0000       5910.0000       5930.0000       5950.0000
       5970.0000       5990.0000       6010.0000       6030.0000       6050.0000
       6070.0000       6090.0000       6110.0000       6130.0000       6150.0000
       6170.0000       6190.0000       6210.0000       6230.0000       6250.0000
       6270.0000       6290.0000       6310.0000       6330.0000       6350.0000
       6370.0000       6390.0000       6420.0000       6460.0000       6500.0000
       6540.0000       6580.0000       6620.0000       6660.0000       6700.0000
       6740.0000       6780.0000       6820.0000       6860.0000       6900.0000
       6940.0000       6980.0000       7020.0000       7060.0000       7100.0000
       7140.0000       7180.0000       7220.0000       7260.0000       7300.0000
       7340.0000       7380.0000       7420.0000       7460.0000       7500.0000
       7540.0000       7580.0000       7620.0000       7660.0000       7700.0000
       7740.0000       7780.0000       7820.0000       7860.0000       7900.0000
       7940.0000       7980.0000       8020.0000       8060.0000       8100.0000
       8140.0000       8180.0000       8220.0000       8260.0000       8300.0000
       8340.0000       8380.0000       8420.0000       8460.0000       8500.0000
       8540.0000       8580.0000       8620.0000       8660.0000       8700.0000
       8740.0000       8780.0000       8820.0000       8860.0000       8900.0000
       8940.0000       8980.0000       9020.0000       9060.0000       9100.0000
       9140.0000       9180.0000       9220.0000       9260.0000       9300.0000
       9340.0000       9380.0000       9420.0000       9460.0000       9500.0000
       9540.0000       9580.0000       9620.0000       9660.0000       9700.0000
       9740.0000       9780.0000       9820.0000       9860.0000       9900.0000
       9940.0000       9980.0000       10020.000       20000.000       40000.010
       60000.010       80000.010       100000.01       120000.02       140000.02
       160000.02
